{
	"Rest": {},
	"Horizontal Position": {
		"group": "root",
		"position": {
			"direction": "x",
			"boundaries": [-10.0, 10.0]
		}
	},
	"Depth Position": {
		"group": "root",
		"position": {
			"direction": "z",
			"boundaries": [-10.0, 10.0]
		}
	},
	"Vertical Position": {
		"group": "root",
		"position": {
			"direction": "y",
			"boundaries": [-20.0, 20.0]
		}
	},
	"RootTurn": {
		"group": "root",
		"reverse":	{
		"root": [-0.996, 0.0, -0.087, 0.0, 1.0, 0.0, 0.087, 0.0, -0.996]
		},
		"bones":	{
		"root": [-0.996, 0.0, 0.087, 0.0, 1.0, 0.0, -0.087, 0.0, -0.996]
		}
	},
	"RootRotateHorizontal": {
		"group": "root",
		"reverse":	{
		"root": [-0.997, -0.079, -0.0, 0.079, -0.997, 0.0,  0.0, -0.0, 1.0]
		},
		"bones":	{
		"root": [-0.997, 0.079, -0.0, -0.079, -0.997, -0.0,  -0.0, -0.0, 1.0]
		}
	},
	"RootRotateVertical": {
		"group": "root",
		"reverse":	{
		"root": [1.0, 0.0, -0.0, 0.0, -0.975, 0.221,  -0.0, -0.221, -0.975]
		},
		"bones":	{
		"root": [1.0, 0.0, -0.0, 0.0, -0.985, -0.175, -0.0, 0.175, -0.985 ]
		}
	},
	"HeadRotDepth": {
		"group": "head",
		"reverse":	{
		"neck01": [1.0, 0.0, 0.0, 0.0, 0.868, -0.497, 0.0, 0.497, 0.868],
		"neck02": [1.0, 0.0, 0.0, 0.0, 0.909, -0.417, 0.0, 0.417, 0.909],
		"head": [1.0, 0.0, 0.0, 0.0, 0.986, -0.167, 0.0, 0.167, 0.986]
		},
		"bones":	{
		"neck01": [1.0, 0.0, 0.0, 0.0, 0.873, 0.487, 0.0, -0.487, 0.873],
		"neck02": [1.0, 0.0, 0.0, 0.0, 0.981, 0.195, 0.0, -0.195, 0.981],
		"head": [1.0, 0.0, 0.0, 0.0, 0.907, 0.42, 0.0, -0.42, 0.907]
		}
	},
	"HeadTilt": {
		"group": "head",
		"reverse":	{
		"neck01": [0.995, -0.099, 0.0, 0.099, 0.995, 0.0, 0.0, 0.0, 1.0],
		"neck02": [0.965, -0.261, 0.0, 0.261, 0.965, 0.0, 0.0, 0.0, 1.0],
		"head": [0.996, -0.092, 0.0, 0.092, 0.996, 0.0, 0.0, 0.0, 1.0]
		},
		"bones":	{
		"neck01": [0.995, 0.099, 0.0, -0.099, 0.995, 0.0, 0.0, 0.0, 1.0],
		"neck02": [0.965, 0.261, 0.0, -0.261, 0.965, 0.0, 0.0, 0.0, 1.0],
		"head": [0.996, 0.092, 0.0, -0.092, 0.996, 0.0, 0.0, 0.0, 1.0]
		}
	},
	"HeadTurn": {
		"group": "head",
		"reverse":	{
		"neck01": [0.983, 0.017, -0.181, -0.017, 1.0, 0.002, 0.181, 0.002, 0.984],
		"neck02": [0.956, 0.003, -0.295, -0.003, 1.0, 0.0, 0.295, 0.0, 0.956],
		"head": [0.8, -0.028, -0.599, 0.028, 1.0, -0.009, 0.599, -0.009, 0.8]
		},
		"bones":	{
		"neck01": [0.983, -0.017, 0.181, 0.017, 1.0, 0.002, -0.181, 0.002, 0.984],
		"neck02": [0.956, -0.003, 0.295, 0.003, 1.0, 0.0, -0.295, 0.0, 0.956],
		"head": [0.8, 0.028, 0.599, -0.028, 1.0, -0.009, -0.599, -0.009, 0.8]
		}
	},
	"LeftUpperArmRotHorizontal": {
		"group": "left-arm",
		"rsym": "RightUpperArmRotHorizontal",
		"reverse":	{
		"clavicle.L": [0.996, 0.092, 0.0, -0.092, 0.996, 0.0, 0.0, 0.0, 1.0],
		"shoulder01.L": [0.999, 0.049, 0.0, 0.049, 0.999, 0.0, 0.0, 0.0, 1.0],
		"upperarm01.L": [0.84, 0.543, 0.0, -0.543, 0.839, 0.031, 0.016, -0.026, 1.0]
		},
		"bones":	{
		"clavicle.L": [0.996, -0.085, 0.0, 0.085, 0.996, 0.0, 0.0, 0.0, 1.0],
		"shoulder01.L": [0.522, -0.853, 0.0, 0.853, 0.522, 0.0, 0.0, 0.0, 1.0],
		"upperarm01.L": [0.67, -0.742, 0.021, 0.742, 0.67, -0.021, 0.0, 0.029, 1.0]
		}
	},
	"LeftUpperArmRotDepth": {
		"group": "left-arm",
		"rsym": "RightUpperArmRotDepth",
		"reverse":	{
		"clavicle.L": [0.992, -0.031, 0.121, 0.028, 0.999, 0.019, -0.121, -0.016, 0.992],
		"shoulder01.L": [0.955, -0.146, 0.259, 0.184, 0.974, -0.131, -0.233, 0.173, 0.957],
		"upperarm01.L": [0.905, 0.135, 0.403, 0.093, 0.862, -0.498, -0.415, 0.488, 0.768],
		"upperarm02.L": [0.987, 0.086, 0.137, -0.079, 0.995, -0.061, -0.142, 0.049, 0.989]
		},
		"bones":	{
		"clavicle.L": [0.96, -0.081, -0.269, 0.091, 0.996, 0.023, 0.265, -0.047, 0.963],
		"shoulder01.L": [0.878, -0.28, -0.388, 0.405, 0.866, 0.293, 0.254, -0.415, 0.874],
		"upperarm01.L": [0.957, 0.026, -0.29, 0.269, 0.307, 0.913, 0.113, -0.951, 0.286]
		}
	},
	"LeftUpperArmTwist": {
		"group": "left-arm",
		"rsym": "RightUpperArmTwist",
		"reverse":	{
		"upperarm01.L": [0.993, -0.01, 0.117, -0.002, 0.995, 0.102, -0.118, -0.102, 0.988],
		"upperarm02.L": [0.613, -0.336, 0.715, -0.363, 0.684, 0.633, -0.701, -0.648, 0.297],
		"lowerarm01.L": [0.981, -0.162, 0.106, 0.151, 0.983, 0.102, -0.121, -0.084, 0.989]
		},
		"bones":	{
		"upperarm01.L": [0.994, -0.002, -0.105, -0.008, 0.996, -0.091, 0.105, 0.091, 0.99],
		"upperarm02.L": [0.738, -0.249, -0.627, -0.224, 0.786, -0.576, 0.636, 0.566, 0.524],
		"lowerarm01.L": [0.995, 0.077, -0.059, -0.08, 0.996, -0.045, 0.055, 0.049, 0.997]
		}
	},
	"LeftLowerArmRotDepth": {
		"group": "left-arm",
		"rsym": "RightLowerArmRotDepth",
		"reverse":	{
		"lowerarm01.L": [0.896, 0.143, 0.421, 0.087, 0.872, -0.481, -0.436, 0.468, 0.769]
		},
		"bones":	{
		"lowerarm01.L": [0.403, 0.616, -0.677, 0.699, 0.27, 0.662, 0.59, -0.74, -0.322]
		}
	},
	"RightUpperArmRotHorizontal": {
		"group": "right-arm",
		"lsym": "LeftUpperArmRotHorizontal",
		"reverse":	{
		"clavicle.R": [0.996, -0.092, 0.0, 0.092, 0.996, 0.0, 0.0, 0.0, 1.0],
		"shoulder01.R": [0.999, -0.049, 0.0, 0.049, 0.999, 0.0, 0.0, 0.0, 1.0],
		"upperarm01.R": [0.84, -0.543, 0.0, 0.543, 0.839, 0.031, -0.016, -0.026, 1.0]
		},
		"bones":	{
		"clavicle.R": [0.996, 0.085, 0.0, -0.085, 0.996, 0.0, 0.0, 0.0, 1.0],
		"shoulder01.R": [0.522, 0.853, 0.0, -0.853, 0.522, 0.0, 0.0, 0.0, 1.0],
		"upperarm01.R": [0.67, 0.742, -0.021, -0.742, 0.67, -0.021, 0.0, 0.029, 1.0]
		}
	},
	"RightUpperArmRotDepth": {
		"group": "right-arm",
		"lsym": "LeftUpperArmRotDepth",
		"reverse":	{
		"clavicle.R": [0.992, 0.031, -0.121, -0.028, 0.999, 0.019, 0.121, -0.016, 0.992],
		"shoulder01.R": [0.955, 0.146, -0.259, -0.184, 0.974, -0.131, 0.233, 0.173, 0.957],
		"upperarm01.R": [0.905, -0.135, -0.403, -0.093, 0.862, -0.498, 0.415, 0.488, 0.768],
		"upperarm02.R": [0.987, -0.086, -0.137, 0.079, 0.995, -0.061, 0.142, 0.049, 0.989]
		},
		"bones":	{
		"clavicle.R": [0.96, 0.081, 0.269, -0.091, 0.996, 0.023, -0.265, -0.047, 0.963],
		"shoulder01.R": [0.878, 0.28, 0.388, -0.405, 0.866, 0.293, -0.254, -0.415, 0.874],
		"upperarm01.R": [0.957, -0.026, 0.29, -0.269, 0.307, 0.913, -0.113, -0.951, 0.286]
		}
	},
	"RightUpperArmTwist": {
		"group": "right-arm",
		"lsym": "LeftUpperArmTwist",
		"reverse":	{
		"upperarm01.R": [0.993, 0.01, -0.117, 0.002, 0.995, 0.102, 0.118, -0.102, 0.988],
		"upperarm02.R": [0.613, 0.336, -0.715, 0.363, 0.684, 0.633, 0.701, -0.648, 0.297],
		"lowerarm01.R": [0.981, 0.162, -0.106, -0.151, 0.983, 0.102, 0.121, -0.084, 0.989]
		},
		"bones":	{
		"upperarm01.R": [0.994, 0.002, 0.105, 0.008, 0.996, -0.091, -0.105, 0.091, 0.99],
		"upperarm02.R": [0.738, 0.249, 0.627, 0.224, 0.786, -0.576, -0.636, 0.566, 0.524],
		"lowerarm01.R": [0.995, -0.077, 0.059, 0.08, 0.996, -0.045, -0.055, 0.049, 0.997]
		}
	},
	"RightLowerArmRotDepth": {
		"group": "right-arm",
		"lsym": "LeftLowerArmRotDepth",
		"reverse":	{
		"lowerarm01.R": [0.896, -0.143, -0.421, -0.087, 0.872, -0.481, 0.436, 0.468, 0.769]
		},
		"bones":	{
		"lowerarm01.R": [0.403, -0.616, 0.677, -0.699, 0.27, 0.662, -0.59, -0.74, -0.322]
		}
	},
	"LeftHandRotDepth": {
		"group": "left-hand",
		"rsym": "RightHandRotDepth",
		"reverse":	{
		"wrist.L": [0.925, 0.126, -0.359, 0.06, 0.884, 0.464, 0.375, -0.451, 0.81]
		},
		"bones":	{
		"wrist.L": [0.929, 0.056, 0.366, 0.12, 0.89, -0.44, -0.35, 0.452, 0.82]
		}
	},
	"LeftHandRotHorizontal": {
		"group": "left-hand",
		"rsym": "RightHandRotHorizontal",
		"reverse":	{
		"wrist.L": [0.394, 0.304, -0.867, -0.854, 0.47, -0.223, 0.34, 0.828, 0.445]
		},
		"bones":	{
		"wrist.L": [0.194, -0.947, 0.256, 0.216, 0.296, 0.931, -0.957, -0.126, 0.262]
		}
	},
	"LeftHandTwist": {
		"group": "left-hand",
		"rsym": "RightHandTwist",
		"reverse":	{
		"lowerarm01.L": [0.993, -0.094, -0.066, 0.089, 0.993, -0.072, 0.073, 0.065, 0.995],
		"lowerarm02.L": [0.857, -0.456, -0.24, 0.353, 0.859, -0.371, 0.375, 0.233, 0.897],
		"wrist.L": [0.938, -0.309, -0.16, 0.286, 0.946, -0.15, 0.198, 0.095, 0.976]

		},
		"bones":	{
		"lowerarm01.L": [0.929, 0.266, 0.255, -0.317, 0.93, 0.184, -0.189, -0.252, 0.949],
		"lowerarm02.L": [0.406, 0.457, 0.792, -0.885, 0.414, 0.215, -0.229, -0.788, 0.572],
		"wrist.L": [0.736, 0.527, 0.425, -0.623, 0.773, 0.12, -0.266, -0.353, 0.897]
		}
	},
	"LeftHandFingerSpread":{
		"group": "left-hand",
		"rsym": "RightHandFingerSpread",
		"reverse":	{
		"metacarpal1.L": [0.995, -0.013, 0.101, 0.021, 0.997, -0.077, -0.1, 0.078, 0.992],
		"metacarpal3.L": [0.996, 0.01, -0.087, -0.004, 0.997, 0.074, 0.088, -0.074, 0.993],
		"metacarpal4.L": [0.992, 0.011, -0.124, 0.007, 0.989, 0.148, 0.124, -0.148, 0.981]
		},
		"bones":	{
		"metacarpal1.L": [0.995, 0.021, -0.097, -0.013, 0.997, 0.076, 0.098, -0.074, 0.992],
		"metacarpal3.L": [0.99, -0.003, 0.142, 0.02, 0.993, -0.119, -0.14, 0.12, 0.983],
		"metacarpal4.L": [0.956, 0.048, 0.29, 0.057, 0.937, -0.344, -0.288, 0.345, 0.893]
		}
	},
	"LeftHandThumb": {
		"group": "left-hand",
		"rsym": "RightHandThumb",
		"reverse":	{
		"finger1-2.L": [0.978, 0.208, -0.011, -0.183, 0.882, 0.434, 0.1, -0.422, 0.901],
		"finger1-3.L": [0.989, 0.148, -0.03, -0.127, 0.924, 0.362, 0.081, -0.354, 0.932]
		},
		"bones":	{
		"finger1-2.L": [0.854, -0.518, 0.057, 0.401, 0.583, -0.707, 0.333, 0.626, 0.705],
		"finger1-3.L": [0.89, -0.245, 0.385, 0.443, 0.263, -0.857, 0.109, 0.933, 0.343]
		}
	},
	"LeftHandThumbTwist": {
		"group": "left-hand",
		"rsym": "RightHandThumbTwist",
		"reverse":	{
		"finger1-1.L": [0.895, 0.026, -0.446, -0.082, 0.991, -0.105, 0.439, 0.13, 0.889]
		},
		"bones":	{
		"finger1-1.L": [0.873, 0.335, 0.356, -0.26, 0.935, -0.242, -0.413, 0.118, 0.903]
		}
	},
	"LeftHandIndexFinger": {
		"group": "left-hand",
		"rsym": "RightHandIndexFinger",
		"reverse":	{
		"metacarpal1.L": [0.992, -0.08, 0.095, 0.066, 0.987, 0.15, -0.106, -0.143, 0.984],
		"finger2-1.L": [0.973, -0.183, 0.144, 0.139, 0.953, 0.268, -0.186, -0.241, 0.953],
		"finger2-2.L": [0.974, -0.176, 0.143, 0.133, 0.955, 0.265, -0.184, -0.239, 0.954],
		"finger2-3.L": [0.989, -0.103, 0.103, 0.085, 0.982, 0.167, -0.119, -0.156, 0.981]
		},
		"bones":	{
		"finger2-1.L": [0.793, 0.231, -0.564, -0.559, 0.645, -0.521, 0.244, 0.728, 0.64],
		"finger2-2.L": [0.69, 0.183, -0.7, -0.688, 0.465, -0.557, 0.223, 0.866, 0.447],
		"finger2-3.L": [0.884, 0.191, -0.426, -0.388, 0.809, -0.442, 0.26, 0.556, 0.789]
		}
	},
	"LeftHandMiddleFinger": {
		"group": "left-hand",
		"rsym": "RightHandMiddleFinger",
		"reverse":	{
		"metacarpal2.L": [0.996, -0.074, 0.044, 0.071, 0.996, 0.062, -0.049, -0.058, 0.997],
		"finger3-1.L": [0.922, -0.361, 0.142, 0.307, 0.903, 0.301, -0.236, -0.234, 0.943],
		"finger3-2.L": [0.973, -0.201, 0.115, 0.179, 0.967, 0.179, -0.147, -0.154, 0.977],
		"finger3-3.L": [0.976, -0.19, 0.106, 0.171, 0.971, 0.167, -0.135, -0.145, 0.98]
		},
		"bones":	{
		"finger3-1.L": [0.739, 0.475, -0.478, -0.654, 0.676, -0.34, 0.161, 0.564, 0.81],
		"finger3-2.L": [0.387, 0.416, -0.823, -0.917, 0.264, -0.298, 0.094, 0.87, 0.484],
		"finger3-3.L": [0.778, 0.417, -0.47, -0.595, 0.73, -0.336, 0.204, 0.541, 0.816]
		}
	},
	"LeftHandRingFinger": {
		"group": "left-hand",
		"rsym": "RightHandRingFinger",
		"reverse":	{
		"metacarpal3.L": [0.998, -0.048, 0.03, 0.047, 0.998, 0.042, -0.032, -0.041, 0.999],
		"finger4-1.L": [0.945, -0.317, 0.083, 0.297, 0.935, 0.191, -0.139, -0.156, 0.978],
		"finger4-2.L": [0.958, -0.268, 0.1, 0.248, 0.952, 0.177, -0.143, -0.145, 0.979],
		"finger4-3.L": [0.989, -0.141, 0.05, 0.136, 0.987, 0.087, -0.062, -0.079, 0.995]
		},
		"bones":	{
		"finger4-1.L": [0.717, 0.589, -0.372, -0.691, 0.669, -0.272, 0.089, 0.452, 0.887],
		"finger4-2.L": [0.299, 0.649, -0.7, -0.954, 0.179, -0.242, -0.032, 0.739, 0.673],
		"finger4-3.L": [0.757, 0.542, -0.365, -0.644, 0.716, -0.271, 0.114, 0.44, 0.891]
		}
	},
	"LeftHandPinkyFinger": {
		"group": "left-hand",
		"rsym": "RightHandPinkyFinger",
		"reverse":	{
		"metacarpal4.L": [0.993, -0.113, 0.041, 0.111, 0.993, 0.04, -0.045, -0.035, 0.998],
		"finger5-1.L": [0.957, -0.281, 0.073, 0.274, 0.957, 0.091, -0.095, -0.067, 0.993],
		"finger5-2.L": [0.974, -0.216, 0.069, 0.211, 0.975, 0.073, -0.083, -0.057, 0.995],
		"finger5-3.L": [0.99, -0.135, 0.042, 0.133, 0.99, 0.043, -0.047, -0.037, 0.998]
		},
		"bones":	{
		"finger5-1.L": [0.736, 0.623, -0.264, -0.665, 0.739, -0.111, 0.126, 0.257, 0.958],
		"finger5-2.L": [0.183, 0.82, -0.542, -0.978, 0.209, -0.014, 0.102, 0.532, 0.841],
		"finger5-3.L": [0.634, 0.695, -0.34, -0.76, 0.641, -0.108, 0.143, 0.326, 0.934]
		}
	},
	"RightHandRotDepth": {
		"group": "right-hand",
		"lsym": "LeftHandRotDepth",
		"reverse":	{
		"wrist.R": [0.925, -0.126, 0.359, -0.06, 0.884, 0.464, -0.375, -0.451, 0.81]
		},
		"bones":	{
		"wrist.R": [0.929, -0.056, -0.366, -0.12, 0.89, -0.44, 0.35, 0.452, 0.82]
		}
	},
	"RightHandRotHorizontal": {
		"group": "right-hand",
		"lsym": "LeftHandRotHorizontal",
		"reverse":	{
		"wrist.R": [0.394, -0.304, 0.867, 0.854, 0.47, -0.223, -0.34, 0.828, 0.445]
		},
		"bones":	{
		"wrist.R": [0.194, 0.947, -0.256, -0.216, 0.296, 0.931, 0.957, -0.126, 0.262]
		}
	},
	"RightHandTwist": {
		"group": "right-hand",
		"lsym": "LeftHandTwist",
		"reverse":	{
		"lowerarm01.R": [0.993, 0.094, 0.066, -0.089, 0.993, -0.072, -0.073, 0.065, 0.995],
		"lowerarm02.R": [0.857, 0.456, 0.24, -0.353, 0.859, -0.371, -0.375, 0.233, 0.897],
		"wrist.R": [0.938, 0.309, 0.16, -0.286, 0.946, -0.15, -0.198, 0.095, 0.976]
		},
		"bones":	{
		"lowerarm01.R": [0.929, -0.266, -0.255, 0.317, 0.93, 0.184, 0.189, -0.252, 0.949],
		"lowerarm02.R": [0.406, -0.457, -0.792, 0.885, 0.414, 0.215, 0.229, -0.788, 0.572],
		"wrist.R": [0.736, -0.527, -0.425, 0.623, 0.773, 0.12, 0.266, -0.353, 0.897]
		}
	},
	"RightHandFingerSpread":{
		"group": "right-hand",
		"lsym": "LeftHandFingerSpread",
		"reverse":	{
		"metacarpal1.R": [0.995, 0.013, -0.101, -0.021, 0.997, -0.077, 0.1, 0.078, 0.992],
		"metacarpal3.R": [0.996, -0.01, 0.087, 0.004, 0.997, 0.074, -0.088, -0.074, 0.993],
		"metacarpal4.R": [0.992, -0.011, 0.124, -0.007, 0.989, 0.148, -0.124, -0.148, 0.981]
		},
		"bones":	{
		"metacarpal1.R": [0.995, -0.021, 0.097, 0.013, 0.997, 0.076, -0.098, -0.074, 0.992],
		"metacarpal3.R": [0.99, 0.003, -0.142, -0.02, 0.993, -0.119, 0.14, 0.12, 0.983],
		"metacarpal4.R": [0.956, -0.048, -0.29, -0.057, 0.937, -0.344, 0.288, 0.345, 0.893]
		}
	},
	"RightHandThumb": {
		"group": "right-hand",
		"lsym": "LeftHandThumb",
		"reverse":	{
		"finger1-2.R": [0.978, -0.208, 0.011, 0.183, 0.882, 0.434, -0.1, -0.422, 0.901],
		"finger1-3.R": [0.989, -0.148, 0.03, 0.127, 0.924, 0.362, -0.081, -0.354, 0.932]
		},
		"bones":	{
		"finger1-2.R": [0.854, 0.518, -0.057, -0.401, 0.583, -0.707, -0.333, 0.626, 0.705],
		"finger1-3.R": [0.89, 0.245, -0.385, -0.443, 0.263, -0.857, -0.109, 0.933, 0.343]
		}
	},
	"RightHandThumbTwist": {
		"group": "right-hand",
		"lsym": "LeftHandThumbTwist",
		"reverse":	{
		"finger1-1.R": [0.895, -0.026, 0.446, 0.082, 0.991, -0.105, -0.439, 0.13, 0.889]
		},
		"bones":	{
		"finger1-1.R": [0.873, -0.335, -0.356, 0.26, 0.935, -0.242, 0.413, 0.118, 0.903]
		}
	},
	"RightHandIndexFinger": {
		"group": "right-hand",
		"lsym": "LeftHandIndexFinger",
		"reverse":	{
		"metacarpal1.R": [0.992, 0.08, -0.095, -0.066, 0.987, 0.15, 0.106, -0.143, 0.984],
		"finger2-1.R": [0.973, 0.183, -0.144, -0.139, 0.953, 0.268, 0.186, -0.241, 0.953],
		"finger2-2.R": [0.974, 0.176, -0.143, -0.133, 0.955, 0.265, 0.184, -0.239, 0.954],
		"finger2-3.R": [0.989, 0.103, -0.103, -0.085, 0.982, 0.167, 0.119, -0.156, 0.981]
		},
		"bones":	{
		"finger2-1.R": [0.793, -0.231, 0.564, 0.559, 0.645, -0.521, -0.244, 0.728, 0.64],
		"finger2-2.R": [0.69, -0.183, 0.7, 0.688, 0.465, -0.557, -0.223, 0.866, 0.447],
		"finger2-3.R": [0.884, -0.191, 0.426, 0.388, 0.809, -0.442, -0.26, 0.556, 0.789]
		}
	},
	"RightHandMiddleFinger": {
		"group": "right-hand",
		"lsym": "LeftHandMiddleFinger",
		"reverse":	{
		"metacarpal2.R": [0.996, 0.074, -0.044, -0.071, 0.996, 0.062, 0.049, -0.058, 0.997],
		"finger3-1.R": [0.922, 0.361, -0.142, -0.307, 0.903, 0.301, 0.236, -0.234, 0.943],
		"finger3-2.R": [0.973, 0.201, -0.115, -0.179, 0.967, 0.179, 0.147, -0.154, 0.977],
		"finger3-3.R": [0.976, 0.19, -0.106, -0.171, 0.971, 0.167, 0.135, -0.145, 0.98]
		},
		"bones":	{
		"finger3-1.R": [0.739, -0.475, 0.478, 0.654, 0.676, -0.34, -0.161, 0.564, 0.81],
		"finger3-2.R": [0.387, -0.416, 0.823, 0.917, 0.264, -0.298, -0.094, 0.87, 0.484],
		"finger3-3.R": [0.778, -0.417, 0.47, 0.595, 0.73, -0.336, -0.204, 0.541, 0.816]
		}
	},
	"RightHandRingFinger": {
		"group": "right-hand",
		"lsym": "LeftHandRingFinger",
		"reverse":	{
		"metacarpal3.R": [0.998, 0.048, -0.03, -0.047, 0.998, 0.042, 0.032, -0.041, 0.999],
		"finger4-1.R": [0.945, 0.317, -0.083, -0.297, 0.935, 0.191, 0.139, -0.156, 0.978],
		"finger4-2.R": [0.958, 0.268, -0.1, -0.248, 0.952, 0.177, 0.143, -0.145, 0.979],
		"finger4-3.R": [0.989, 0.141, -0.05, -0.136, 0.987, 0.087, 0.062, -0.079, 0.995]
		},
		"bones":	{
		"finger4-1.R": [0.717, -0.589, 0.372, 0.691, 0.669, -0.272, -0.089, 0.452, 0.887],
		"finger4-2.R": [0.299, -0.649, 0.7, 0.954, 0.179, -0.242, 0.032, 0.739, 0.673],
		"finger4-3.R": [0.757, -0.542, 0.365, 0.644, 0.716, -0.271, -0.114, 0.44, 0.891]
		}
	},
	"RightHandPinkyFinger": {
		"group": "right-hand",
		"lsym": "LeftHandPinkyFinger",
		"reverse":	{
		"metacarpal4.R": [0.993, 0.113, -0.041, -0.111, 0.993, 0.04, 0.045, -0.035, 0.998],
		"finger5-1.R": [0.957, 0.281, -0.073, -0.274, 0.957, 0.091, 0.095, -0.067, 0.993],
		"finger5-2.R": [0.974, 0.216, -0.069, -0.211, 0.975, 0.073, 0.083, -0.057, 0.995],
		"finger5-3.R": [0.99, 0.135, -0.042, -0.133, 0.99, 0.043, 0.047, -0.037, 0.998]
		},
		"bones":	{
		"finger5-1.R": [0.736, -0.623, 0.264, 0.665, 0.739, -0.111, -0.126, 0.257, 0.958],
		"finger5-2.R": [0.183, -0.82, 0.542, 0.978, 0.209, -0.014, -0.102, 0.532, 0.841],
		"finger5-3.R": [0.634, -0.695, 0.34, 0.76, 0.641, -0.108, -0.143, 0.326, 0.934]
		}
	},
	"UpperBodyBendHorizontal": {
		"group": "body",
		"reverse":	{
		"spine02": [0.987, -0.163, 0.0, 0.163, 0.987, 0.0, 0.0, 0.0, 1.0],
		"breastbase.L": [1.0, -0.023, 0.014, 0.023, 0.999, 0.035, -0.015, -0.034, 0.999],
		"breastbase.R": [1.0, -0.02, -0.003, 0.02, 0.999, -0.033, 0.003, 0.033, 0.999],
		"spine01": [0.993, -0.115, 0.0, 0.115, 0.993, 0.0, 0.0, 0.0, 1.0]
		},
		"bones":	{
		"spine02": [0.987, 0.163, 0.0, -0.163, 0.987, 0.0, 0.0, 0.0, 1.0],
		"breastbase.L": [1.0, 0.02, 0.003, -0.02, 0.999, -0.033, -0.003, 0.033, 0.999],
		"breastbase.R": [1.0, 0.023, -0.014, -0.023, 0.999, 0.035, 0.015, -0.034, 0.999],
		"spine01": [0.993, 0.115, 0.0, -0.115, 0.993, 0.0, 0.0, 0.0, 1.0]
		}
	},
	"UpperBodyBendDepth": {
		"group": "body",
		"reverse":	{
		"spine02": [1.0, 0.0, 0.0, 0.0, 0.923, -0.384, 0.0, 0.384, 0.923],
		"breastbase.L": [0.996, 0.06, -0.061, -0.06, 0.998, -0.01, 0.06, 0.013, 0.998],
		"breastbase.R": [0.996, -0.06, 0.061, 0.06, 0.998, -0.01, -0.06, 0.013, 0.998],
		"spine01": [1.0, 0.0, 0.0, 0.0, 0.995, -0.096, 0.0, 0.096, 0.995]
		},
		"bones":	{
		"spine02": [1.0, 0.0, 0.0, 0.0, 0.979, 0.203, 0.0, -0.203, 0.979],
		"breastbase.L": [0.999, -0.005, 0.035, -0.001, 0.987, 0.162, -0.036, -0.162, 0.986],
		"breastbase.R": [0.999, 0.005, -0.035, 0.001, 0.987, 0.162, 0.036, -0.162, 0.986],
		"spine01": [1.0, 0.0, 0.0, 0.0, 0.968, 0.251, 0.0, -0.251, 0.968]
		}
	},
	"UpperBodyTurn": {
		"group": "body",
		"reverse":	{
		"spine02": [0.985, -0.012, -0.17, 0.012, 1.0, -0.001, 0.17, -0.001, 0.985],
		"breastbase.L": [0.994, 0.036, -0.107, -0.036, 0.999, 0.007, 0.108, -0.003, 0.994],
		"breastbase.R": [0.998, 0.009, -0.06, -0.009, 1.0, 0.0, 0.06, 0.0, 0.998],
		"spine01": [0.996, 0.013, -0.094, -0.013, 1.0, 0.001, 0.094, 0.001, 0.996]
		},
		"bones":	{
		"spine02": [0.985, 0.012, 0.17, -0.012, 1.0, -0.001, -0.17, -0.001, 0.985],
		"breastbase.L": [0.998, -0.009, 0.06, 0.009, 1.0, 0.0, -0.06, 0.0, 0.998],
		"breastbase.R": [0.994, -0.036, 0.107, 0.036, 0.999, 0.007, -0.108, -0.003, 0.994],
		"spine01": [0.996, -0.013, 0.094, 0.013, 1.0, 0.001, -0.094, 0.001, 0.996]
		}
	},
	"LowerBodyBendHorizontal": {
		"group": "body",
		"reverse":	{
		"spine05": [0.997, -0.072, 0.0, 0.072, 0.997, 0.0, 0.0, 0.0, 1.0],
		"spine04": [0.987, -0.16, 0.0, 0.16, 0.987, 0.0, 0.0, 0.0, 1.0],
		"spine03": [0.993, -0.12, 0.0, 0.12, 0.993, 0.0, 0.0, 0.0, 1.0]
		},
		"bones":	{
		"spine05": [0.997, 0.072, 0.0, -0.072, 0.997, 0.0, 0.0, 0.0, 1.0],
		"spine04": [0.987, 0.16, 0.0, -0.16, 0.987, 0.0, 0.0, 0.0, 1.0],
		"spine03": [0.993, 0.12, 0.0, -0.12, 0.993, 0.0, 0.0, 0.0, 1.0]
		}
	},
	"LowerBodyBendDepth": {
		"group": "body",
		"reverse":	{
		"spine05": [1.0, 0.0, 0.0, 0.0, 0.933, -0.359, 0.0, 0.359, 0.933],
		"spine04": [1.0, 0.0, 0.0, 0.0, 0.985, -0.175, 0.0, 0.175, 0.985],
		"spine03": [1.0, 0.0, 0.0, 0.0, 0.9, -0.435, 0.0, 0.435, 0.9]
		},
		"bones":	{
		"spine05": [1.0, 0.0, 0.0, 0.0, 0.987, 0.161, 0.0, -0.161, 0.987],
		"spine04": [1.0, 0.0, 0.0, 0.0, 0.985, 0.172, 0.0, -0.172, 0.985],
		"spine03": [1.0, 0.0, 0.0, 0.0, 0.994, 0.109, 0.0, -0.109, 0.994]
		}
	},
	"LowerBodyTurn": {
		"group": "body",
		"reverse":	{
		"spine05": [0.958, -0.126, -0.259, 0.134, 0.991, 0.016, 0.255, -0.05, 0.966],
		"spine04": [0.979, 0.168, -0.113, -0.163, 0.985, 0.055, 0.121, -0.036, 0.992],
		"spine03": [0.999, -0.039, -0.001, 0.039, 0.999, -0.016, 0.002, 0.016, 1.0]
		},
		"bones":	{
		"spine05": [0.958, 0.126, 0.259, -0.134, 0.991, 0.016, -0.255, -0.05, 0.966],
		"spine04": [0.979, -0.168, 0.113, 0.163, 0.985, 0.055, -0.121, -0.036, 0.992],
		"spine03": [0.999, 0.039, 0.001, -0.039, 0.999, -0.016, -0.002, 0.016, 1.0]
		}
	},
	"LeftUpperLegRotDepth": {
		"group": "left-leg",
		"rsym": "RightUpperLegRotDepth",
		"reverse":	{
		"upperleg01.L": [0.998, 0.004, 0.061, 0.042, 0.671, -0.74, -0.044, 0.742, 0.669],
		"upperleg02.L": [1.0, 0.0, 0.005, -0.001, 0.975, 0.222, -0.005, -0.222, 0.975]
		},
		"bones":	{
		"upperleg01.L": [1.0, 0.0, 0.0, 0.0, 0.443, 0.897, 0.0, -0.897, 0.443],
		"upperleg02.L": [1.0, 0.0, 0.0, 0.0, 0.966, 0.26, 0.0, -0.26, 0.966]
		}
	},
	"LeftUpperLegRotHorizontal": {
		"group": "left-leg",
		"rsym": "RightUpperLegRotHorizontal",
		"reverse":	{
		"pelvis.L": [0.989, 0.146, 0.0, -0.146, 0.989, 0.0, 0.0, 0.0, 1.0],
		"upperleg01.L": [0.995, 0.102, 0.0, -0.102, 0.995, 0.0, 0.0, 0.0, 1.0],
		"upperleg02.L": [0.988, 0.151, 0.0, -0.151, 0.988, 0.0, 0.0, 0.0, 1.0]
		},
		"bones":	{
		"pelvis.L": [0.984, -0.176, 0.0, 0.176, 0.984, -0.001, 0.0, 0.001, 1.0],
		"upperleg01.L": [0.924, -0.383, 0.0, 0.383, 0.924, 0.0, 0.0, 0.0, 1.0],
		"upperleg02.L": [0.999, -0.032, 0.0, 0.032, 0.999, 0.0, 0.0, 0.0, 1.0]
		}
	},
	"LeftUpperLegTwist": {
		"group": "left-leg",
		"rsym": "RightUpperLegTwist",
		"reverse":	{
		"pelvis.L": [0.984, 0.0, -0.181, 0.0, 1.0, 0.0, 0.181, 0.0, 0.984],
		"upperleg02.L": [0.951, -0.014, -0.309, 0.001, 0.999, -0.041, 0.309, 0.038, 0.95]
		},
		"bones":	{
		"pelvis.L": [0.981, 0.0, 0.195, 0.0, 1.0, 0.0, -0.195, 0.0, 0.981],
		"upperleg02.L": [0.869, -0.005, 0.494, -0.029, 0.998, 0.06, -0.494, -0.066, 0.867]
		}
	},
	"LeftLowerLegRotDepth": {
		"group": "left-leg",
		"rsym": "RightLowerLegRotDepth",
		"reverse":	{
		"lowerleg01.L": [1.0, 0.001, -0.014, 0.001, 0.989, 0.146, 0.014, -0.146, 0.989]
		},
		"bones":	{
		"lowerleg01.L": [0.984, 0.174, 0.048, 0.175, -0.86, -0.48, -0.042, 0.48, -0.876]
		}
	},
	"LeftFootTwist": {
		"group": "left-leg",
		"rsym": "RightFootTwist",
		"reverse":	{
		"lowerleg02.L": [0.937, 0.007, -0.348, -0.018, 0.999, -0.03, 0.348, 0.035, 0.937],
		"foot.L": [0.994, -0.004, -0.114, 0.003, 1.0, -0.002, 0.114, 0.002, 0.994]
		},
		"bones":	{
		"lowerleg02.L": [0.967, -0.012, 0.256, 0.006, 1.0, 0.025, -0.256, -0.023, 0.966],
		"foot.L": [0.955, -0.007, 0.297, 0.008, 1.0, -0.001, -0.297, 0.003, 0.955]
		}
	},
	"LeftFootRotDepth": {
		"rsym": "RightFootRotDepth",
		"group": "left-leg",
		"reverse":	{
		"foot.L": [0.999, 0.015, -0.049, 0.013, 0.851, 0.526, 0.05, -0.526, 0.849]
		},
		"bones":	{
		"foot.L": [1.0, 0.0, 0.0, 0.0, 0.777, -0.63, -0.0, 0.63, 0.777]
		}
	},
	"LeftFootRotHorizontal": {
		"rsym": "RightFootRotHorizontal",
		"group": "left-leg",
		"reverse":	{
		"foot.L": [0.782, -0.558, -0.277, 0.549, 0.828, -0.114, 0.293, -0.063, 0.954]
		},
		"bones":	{
		"foot.L": [0.914, 0.358, 0.189, -0.362, 0.932, -0.018, -0.182, -0.052, 0.982]
		}
	},
	"RightUpperLegRotDepth": {
		"group": "right-leg",
		"lsym": "LeftUpperLegRotDepth",
		"reverse":	{
		"upperleg01.R": [0.998, -0.004, -0.061, -0.042, 0.671, -0.74, 0.044, 0.742, 0.669],
		"upperleg02.R": [1.0, 0.0, -0.005, 0.001, 0.975, 0.222, 0.005, -0.222, 0.975]
		},
		"bones":	{
		"upperleg01.R": [1.0, 0.0, 0.0, 0.0, 0.443, 0.897, 0.0, -0.897, 0.443],
		"upperleg02.R": [1.0, 0.0, 0.0, 0.0, 0.966, 0.26, 0.0, -0.26, 0.966]
		}
	},
	"RightUpperLegRotHorizontal": {
		"group": "right-leg",
		"lsym": "LeftUpperLegRotHorizontal",
		"reverse":	{
		"pelvis.R": [0.989, -0.146, 0.0, 0.146, 0.989, 0.0, 0.0, 0.0, 1.0],
		"upperleg01.R": [0.995, -0.102, 0.0, 0.102, 0.995, 0.0, 0.0, 0.0, 1.0],
		"upperleg02.R": [0.988, -0.151, 0.0, 0.151, 0.988, 0.0, 0.0, 0.0, 1.0]
		},
		"bones":	{
		"pelvis.R": [0.984, 0.176, 0.0, -0.176, 0.984, -0.001, 0.0, 0.001, 1.0],
		"upperleg01.R": [0.924, 0.383, 0.0, -0.383, 0.924, 0.0, 0.0, 0.0, 1.0],
		"upperleg02.R": [0.999, 0.032, 0.0, -0.032, 0.999, 0.0, 0.0, 0.0, 1.0]
		}
	},
	"RightUpperLegTwist": {
		"group": "right-leg",
		"lsym": "LeftUpperLegTwist",
		"reverse":	{
		"pelvis.R": [0.984, 0.0, 0.181, 0.0, 1.0, 0.0, -0.181, 0.0, 0.984],
		"upperleg02.R": [0.951, 0.014, 0.309, -0.001, 0.999, -0.041, -0.309, 0.038, 0.95]
		},
		"bones":	{
		"pelvis.R": [0.981, 0.0, -0.195, 0.0, 1.0, 0.0, 0.195, 0.0, 0.981],
		"upperleg02.R": [0.869, 0.005, -0.494, 0.029, 0.998, 0.06, 0.494, -0.066, 0.867]
		}
	},
	"RightLowerLegRotDepth": {
		"group": "right-leg",
		"lsym": "LeftLowerLegRotDepth",
		"reverse":	{
		"lowerleg01.R": [1.0, -0.001, 0.014, -0.001, 0.989, 0.146, -0.014, -0.146, 0.989]
		},
		"bones":	{
		"lowerleg01.R": [0.984, -0.174, -0.048, -0.175, -0.86, -0.48, 0.042, 0.48, -0.876]
		}
	},
	"RightFootTwist": {
		"group": "right-leg",
		"lsym": "LeftFootTwist",
		"reverse":	{
		"lowerleg02.R": [0.937, -0.007, 0.348, 0.018, 0.999, -0.03, -0.348, 0.035, 0.937],
		"foot.R": [0.994, 0.004, 0.114, -0.003, 1.0, -0.002, -0.114, 0.002, 0.994]
		},
		"bones":	{
		"lowerleg02.R": [0.967, 0.012, -0.256, -0.006, 1.0, 0.025, 0.256, -0.023, 0.966],
		"foot.R": [0.955, 0.007, -0.297, -0.008, 1.0, -0.001, 0.297, 0.003, 0.955]
		}
	},
	"RightFootRotDepth": {
		"group": "right-leg",
		"lsym": "LeftFootRotDepth",
		"reverse":	{
		"foot.R": [0.999, -0.015, 0.049, -0.013, 0.851, 0.526, -0.05, -0.526, 0.849]
		},
		"bones":	{
		"foot.R": [1.0, 0.0, 0.0, 0.0, 0.777, -0.63, -0.0, 0.63, 0.777]
		}
	},
	"RightFootRotHorizontal": {
		"lsym": "LeftFootRotHorizontal",
		"group": "right-leg",
		"reverse":	{
		"foot.R": [0.782, 0.558, 0.277, -0.549, 0.828, -0.114, -0.293, -0.063, 0.954]
		},
		"bones":	{
		"foot.R": [0.914, -0.358, -0.189, 0.362, 0.932, -0.018, 0.182, -0.052, 0.982]
		}
	},
	"LeftAntennaeRotHorizontal": {
		"rsym": "RightAntennaeRotHorizontal",
		"group": "antennae",
		"bones":	{
		"antenna1.L": [0.988, 0.145, 0.048, -0.143, 0.989, -0.042, -0.053, 0.035, 0.998],
		"antenna2.L": [0.993, 0.106, 0.049, -0.104, 0.994, -0.04, -0.053, 0.034, 0.998],
		"antenna3.L": [0.989, 0.132, 0.06, -0.129, 0.99, -0.051, -0.066, 0.042, 0.997],
		"antenna4.L": [0.995, 0.093, 0.043, -0.092, 0.995, -0.035, -0.046, 0.031, 0.998],
		"antenna5.L": [0.989, 0.133, 0.06, -0.13, 0.99, -0.051, -0.067, 0.042, 0.997]
		}
	},
	"RightAntennaeRotHorizontal": {
		"lsym": "LeftAntennaeRotHorizontal",
		"group": "antennae",
		"bones":	{
		"antenna1.R": [0.988, -0.145, -0.048, 0.143, 0.989, -0.042, 0.053, 0.035, 0.998],
		"antenna2.R": [0.993, -0.106, -0.049, 0.104, 0.994, -0.04, 0.053, 0.034, 0.998],
		"antenna3.R": [0.989, -0.132, -0.06, 0.129, 0.99, -0.051, 0.066, 0.042, 0.997],
		"antenna4.R": [0.995, -0.093, -0.043, 0.092, 0.995, -0.035, 0.046, 0.031, 0.998],
		"antenna5.R": [0.989, -0.133, -0.06, 0.13, 0.99, -0.051, 0.067, 0.042, 0.997]
		}
	},
	"LeftAntennaeRotDepth": {
		"rsym": "RightAntennaeRotDepth",
		"group": "antennae",
		"reverse": {
		"antenna1.L": [1.0, 0.0, 0.0, 0.0, 0.991, -0.132, 0.0, 0.132, 0.991],
		"antenna2.L": [1.0, 0.0, 0.0, 0.0, 0.974, -0.228, 0.0, 0.228, 0.974],
		"antenna3.L": [1.0, 0.0, 0.0, 0.0, 0.976, -0.216, 0.0, 0.216, 0.976],
		"antenna4.L": [1.0, 0.0, 0.0, 0.0, 0.968, -0.251, 0.0, 0.251, 0.968],
		"antenna5.L": [1.0, 0.0, 0.0, 0.0, 0.977, -0.212, 0.0, 0.212, 0.977]
		},
		"bones":	{
		"antenna1.L": [1.0, 0.0, 0.0, 0.0, 0.959, 0.283, 0.0, -0.283, 0.959],
		"antenna2.L": [1.0, 0.0, 0.0, 0.0, 0.954, 0.301, 0.0, -0.301, 0.954],
		"antenna3.L": [1.0, 0.0, 0.0, 0.0, 0.981, 0.195, 0.0, -0.195, 0.981],
		"antenna4.L": [1.0, 0.0, 0.0, 0.0, 0.977, 0.215, 0.0, -0.215, 0.977],
		"antenna5.L": [1.0, 0.0, 0.0, 0.0, 0.99, 0.143, 0.0, -0.143, 0.99]
		}
	},
	"RightAntennaeRotDepth": {
		"lsym": "LeftAntennaeRotDepth",
		"group": "antennae",
		"reverse": {
		"antenna1.R": [1.0, 0.0, 0.0, 0.0, 0.991, -0.132, 0.0, 0.132, 0.991],
		"antenna2.R": [1.0, 0.0, 0.0, 0.0, 0.974, -0.228, 0.0, 0.228, 0.974],
		"antenna3.R": [1.0, 0.0, 0.0, 0.0, 0.976, -0.216, 0.0, 0.216, 0.976],
		"antenna4.R": [1.0, 0.0, 0.0, 0.0, 0.968, -0.251, 0.0, 0.251, 0.968],
		"antenna5.R": [1.0, 0.0, 0.0, 0.0, 0.977, -0.212, 0.0, 0.212, 0.977]
		},
		"bones":	{
		"antenna1.R": [1.0, 0.0, 0.0, 0.0, 0.959, 0.283, 0.0, -0.283, 0.959],
		"antenna2.R": [1.0, 0.0, 0.0, 0.0, 0.954, 0.301, 0.0, -0.301, 0.954],
		"antenna3.R": [1.0, 0.0, 0.0, 0.0, 0.981, 0.195, 0.0, -0.195, 0.981],
		"antenna4.R": [1.0, 0.0, 0.0, 0.0, 0.977, 0.215, 0.0, -0.215, 0.977],
		"antenna5.R": [1.0, 0.0, 0.0, 0.0, 0.99, 0.143, 0.0, -0.143, 0.99]
		}
	},
	"FishTailHorizontal": {
		"group": "fishtail",
		"reverse":	{
		"mermaid1": [1.0, 0.023, 0.0, -0.023, 1.0, 0.0, 0.0, 0.0, 1.0],
		"mermaid2": [0.991, 0.131, 0.0, -0.131, 0.991, 0.0, 0.0, 0.0, 1.0],
		"mermaid3": [0.963, 0.269, 0.0, -0.269, 0.963, 0.0, 0.0, 0.0, 1.0],
		"mermaid4": [0.936, 0.353, 0.0, -0.353, 0.936, 0.0, 0.0, 0.0, 1.0],
		"mermaid5": [0.992, 0.128, 0.0, -0.128, 0.992, 0.0, 0.0, 0.0, 1.0],
		"mermaid6": [0.975, 0.223, 0.0, -0.223, 0.975, 0.0, 0.0, 0.0, 1.0],
		"mermaid7": [0.974, 0.227, 0.0, -0.227, 0.974, 0.0, 0.0, 0.0, 1.0],
		"mermaid5.L": [0.979, 0.2, 0.047, -0.195, 0.976, -0.097, -0.065, 0.086, 0.994],
		"mermaid6.L": [0.99, 0.142, 0.0, -0.142, 0.99, 0.0, 0.0, 0.0, 1.0],
		"mermaid7.L": [0.991, 0.13, 0.0, -0.13, 0.991, 0.0, 0.0, 0.0, 1.0],
		"mermaid8.L": [0.985, 0.171, 0.0, -0.171, 0.985, 0.0, 0.0, 0.0, 1.0],
		"mermaid6o.L": [0.991, 0.136, 0.0, -0.136, 0.991, 0.0, 0.0, 0.0, 1.0],
		"mermaid7o.L": [0.96, 0.28, 0.0, -0.28, 0.96, 0.0, 0.0, 0.0, 1.0],
		"mermaid8o.L": [0.992, 0.124, 0.0, -0.124, 0.992, 0.0, 0.0, 0.0, 1.0],
		"mermaid5.R": [0.992, 0.128, 0.0, -0.128, 0.992, 0.0, 0.0, 0.0, 1.0],
		"mermaid6.R": [0.99, 0.142, 0.0, -0.142, 0.99, 0.0, 0.0, 0.0, 1.0],
		"mermaid7.R": [0.991, 0.13, 0.0, -0.13, 0.991, 0.0, 0.0, 0.0, 1.0],
		"mermaid8.R": [0.985, 0.171, 0.0, -0.171, 0.985, 0.0, 0.0, 0.0, 1.0],
		"mermaid6o.R": [0.991, 0.136, 0.0, -0.136, 0.991, 0.0, 0.0, 0.0, 1.0],
		"mermaid7o.R": [0.96, 0.28, 0.0, -0.28, 0.96, 0.0, 0.0, 0.0, 1.0],
		"mermaid8o.R": [0.992, 0.124, 0.0, -0.124, 0.992, 0.0, 0.0, 0.0, 1.0]
		},
		"bones":	{
		"mermaid1": [1.0, -0.023, 0.0, 0.023, 1.0, 0.0, 0.0, 0.0, 1.0],
		"mermaid2": [0.991, -0.131, 0.0, 0.131, 0.991, 0.0, 0.0, 0.0, 1.0],
		"mermaid3": [0.963, -0.269, 0.0, 0.269, 0.963, 0.0, 0.0, 0.0, 1.0],
		"mermaid4": [0.936, -0.353, 0.0, 0.353, 0.936, 0.0, 0.0, 0.0, 1.0],
		"mermaid5": [0.992, -0.128, 0.0, 0.128, 0.992, 0.0, 0.0, 0.0, 1.0],
		"mermaid6": [0.975, -0.223, 0.0, 0.223, 0.975, 0.0, 0.0, 0.0, 1.0],
		"mermaid7": [0.974, -0.227, 0.0, 0.227, 0.974, 0.0, 0.0, 0.0, 1.0],
		"mermaid5.L": [0.992, -0.128, 0.0, 0.128, 0.992, 0.0, 0.0, 0.0, 1.0],
		"mermaid6.L": [0.99, -0.142, 0.0, 0.142, 0.99, 0.0, 0.0, 0.0, 1.0],
		"mermaid7.L": [0.991, -0.13, 0.0, 0.13, 0.991, 0.0, 0.0, 0.0, 1.0],
		"mermaid8.L": [0.985, -0.171, 0.0, 0.171, 0.985, 0.0, 0.0, 0.0, 1.0],
		"mermaid6o.L": [0.991, -0.136, 0.0, 0.136, 0.991, 0.0, 0.0, 0.0, 1.0],
		"mermaid7o.L": [0.96, -0.28, 0.0, 0.28, 0.96, 0.0, 0.0, 0.0, 1.0],
		"mermaid8o.L": [0.992, -0.124, 0.0, 0.124, 0.992, 0.0, 0.0, 0.0, 1.0],
		"mermaid5.R": [0.979, -0.2, -0.047, 0.195, 0.976, -0.097, 0.065, 0.086, 0.994],
		"mermaid6.R": [0.99, -0.142, 0.0, 0.142, 0.99, 0.0, 0.0, 0.0, 1.0],
		"mermaid7.R": [0.991, -0.13, 0.0, 0.13, 0.991, 0.0, 0.0, 0.0, 1.0],
		"mermaid8.R": [0.985, -0.171, 0.0, 0.171, 0.985, 0.0, 0.0, 0.0, 1.0],
		"mermaid6o.R": [0.991, -0.136, 0.0, 0.136, 0.991, 0.0, 0.0, 0.0, 1.0],
		"mermaid7o.R": [0.96, -0.28, 0.0, 0.28, 0.96, 0.0, 0.0, 0.0, 1.0],
		"mermaid8o.R": [0.992, -0.124, 0.0, 0.124, 0.992, 0.0, 0.0, 0.0, 1.0]
		}
	},
	"FishTailBaseDepth": {
		"group": "fishtail",
		"reverse":	{
		"mermaid1": [1.0, 0.0, 0.0, 0.0, 0.98, -0.197, 0.0, 0.197, 0.98],
		"mermaid2": [1.0, 0.0, 0.0, 0.0, 0.989, -0.149, 0.0, 0.149, 0.989],
		"mermaid3": [1.0, 0.0, 0.0, 0.0, 0.99, -0.141, 0.0, 0.141, 0.99], 
		"mermaid4": [1.0, 0.0, 0.0, 0.0, 0.947, -0.321, 0.0, 0.321, 0.947],
		"mermaid5": [1.0, 0.0, 0.0, 0.0, 0.879, -0.476, 0.0, 0.476, 0.879],
		"mermaid6": [1.0, 0.0, 0.0, 0.0, 0.957, -0.292, 0.0, 0.292, 0.957],
		"mermaid7": [1.0, 0.0, 0.0, 0.0, 0.983, -0.183, 0.0, 0.183, 0.983],
		"mermaid5.L": [1.0, 0.0, 0.0, 0.0, 0.879, -0.476, 0.0, 0.476, 0.879],
		"mermaid6.L": [1.0, 0.0, 0.0, 0.0, 0.964, -0.266, 0.0, 0.266, 0.964],
		"mermaid7.L": [1.0, 0.0, 0.0, 0.0, 0.983, -0.183, 0.0, 0.183, 0.983],
		"mermaid8.L": [1.0, 0.0, 0.0, 0.0, 0.911, -0.412, 0.0, 0.412, 0.911],
		"mermaid6o.L": [1.0, 0.0, 0.0, 0.0, 0.964, -0.266, 0.0, 0.266, 0.964],
		"mermaid7o.L": [1.0, 0.0, 0.0, 0.0, 0.983, -0.183, 0.0, 0.183, 0.983],
		"mermaid8o.L": [1.0, 0.0, 0.0, 0.0, 0.911, -0.412, 0.0, 0.412, 0.911],
		"mermaid5.R": [1.0, 0.0, 0.0, 0.0, 0.879, -0.476, 0.0, 0.476, 0.879],
		"mermaid6.R": [1.0, 0.0, 0.0, 0.0, 0.964, -0.266, 0.0, 0.266, 0.964],
		"mermaid7.R": [1.0, 0.0, 0.0, 0.0, 0.983, -0.183, 0.0, 0.183, 0.983],
		"mermaid8.R": [1.0, 0.0, 0.0, 0.0, 0.911, -0.412, 0.0, 0.412, 0.911],
		"mermaid6o.R": [1.0, 0.0, 0.0, 0.0, 0.964, -0.266, 0.0, 0.266, 0.964],
		"mermaid7o.R": [1.0, 0.0, 0.0, 0.0, 0.998, -0.068, 0.0, 0.068, 0.998],
		"mermaid8o.R": [1.0, 0.0, 0.0, 0.0, 0.911, -0.412, 0.0, 0.412, 0.911]
		},
		"bones":	{
		"mermaid1": [1.0, 0.0, 0.0, 0.0, 0.999, 0.034, 0.0, -0.034, 0.999],
		"mermaid2": [1.0, 0.0, 0.0, 0.0, 0.982, 0.188, 0.0, -0.188, 0.982],
		"mermaid3": [1.0, 0.0, 0.0, 0.0, 0.854, 0.52, 0.0, -0.52, 0.854],
		"mermaid4": [1.0, 0.0, 0.0, 0.0, 0.97, 0.241, 0.0, -0.241, 0.97],
		"mermaid5": [1.0, 0.0, 0.0, 0.0, 0.994, 0.107, 0.0, -0.107, 0.994],
		"mermaid6": [1.0, 0.0, 0.0, 0.0, 0.997, 0.078, 0.0, -0.078, 0.997],
		"mermaid7": [1.0, 0.0, 0.0, 0.0, 0.997, 0.075, 0.0, -0.075, 0.997],
		"mermaid5.L": [1.0, 0.0, 0.0, 0.0, 0.994, 0.107, 0.0, -0.107, 0.994],
		"mermaid6.L": [1.0, 0.0, 0.0, 0.0, 0.994, 0.105, 0.0, -0.105, 0.994],
		"mermaid7.L": [1.0, 0.0, 0.0, 0.0, 0.997, 0.075, 0.0, -0.075, 0.997],
		"mermaid8.L": [1.0, 0.0, 0.0, 0.0, 0.987, 0.163, 0.0, -0.163, 0.987],
		"mermaid6o.L": [1.0, 0.0, 0.0, 0.0, 0.994, 0.105, 0.0, -0.105, 0.994],
		"mermaid7o.L": [1.0, 0.0, 0.0, 0.0, 0.997, 0.075, 0.0, -0.075, 0.997],
		"mermaid8o.L": [1.0, 0.0, 0.0, 0.0, 0.987, 0.163, 0.0, -0.163, 0.987],
		"mermaid5.R": [1.0, 0.0, 0.0, 0.0, 0.994, 0.107, 0.0, -0.107, 0.994],
		"mermaid6.R": [1.0, 0.0, 0.0, 0.0, 0.994, 0.105, 0.0, -0.105, 0.994],
		"mermaid7.R": [1.0, 0.0, 0.0, 0.0, 0.997, 0.075, 0.0, -0.075, 0.997],
		"mermaid8.R": [1.0, 0.0, 0.0, 0.0, 0.987, 0.163, 0.0, -0.163, 0.987],
		"mermaid6o.R": [1.0, 0.0, 0.0, 0.0, 0.994, 0.105, 0.0, -0.105, 0.994],
		"mermaid7o.R": [1.0, 0.0, 0.0, 0.0, 0.982, 0.19, 0.0, -0.19, 0.982],
		"mermaid8o.R": [1.0, 0.0, 0.0, 0.0, 0.987, 0.163, 0.0, -0.163, 0.987]
		}
	},
	"FishTailTipDepth": {
		"group": "fishtail",
		"reverse":	{
		"mermaid4": [1.0, 0.0, 0.0, 0.0, 0.937, -0.35, 0.0, 0.35, 0.937],
		"mermaid5": [1.0, 0.0, 0.0, 0.0, 0.872, -0.489, 0.0, 0.489, 0.872],
		"mermaid6": [1.0, 0.0, 0.0, 0.0, 0.947, -0.32, 0.0, 0.32, 0.947],
		"mermaid7": [1.0, 0.0, 0.0, 0.0, 0.856, -0.517, 0.0, 0.517, 0.856],
		"mermaid5.L": [1.0, 0.0, 0.0, 0.0, 0.891, -0.455, 0.0, 0.455, 0.891],
		"mermaid6.L": [1.0, 0.0, 0.0, 0.0, 0.851, -0.526, 0.0, 0.526, 0.851],
		"mermaid8.L": [1.0, 0.0, 0.0, 0.0, 0.896, -0.445, 0.0, 0.445, 0.896],
		"mermaid6o.L": [1.0, 0.0, 0.0, 0.0, 0.933, -0.359, 0.0, 0.359, 0.933],
		"mermaid7o.L": [1.0, 0.0, 0.0, 0.0, 0.908, -0.418, 0.0, 0.418, 0.908],
		"mermaid8o.L": [1.0, 0.0, 0.0, 0.0, 0.957, -0.291, 0.0, 0.291, 0.957],
		"mermaid5.R": [1.0, 0.0, 0.0, 0.0, 0.891, -0.455, 0.0, 0.455, 0.891],
		"mermaid6.R": [1.0, 0.0, 0.0, 0.0, 0.851, -0.526, 0.0, 0.526, 0.851],
		"mermaid8.R": [1.0, 0.0, 0.0, 0.0, 0.891, -0.453, 0.0, 0.453, 0.891],
		"mermaid6o.R": [1.0, 0.0, 0.0, 0.0, 0.933, -0.359, 0.0, 0.359, 0.933],
		"mermaid7o.R": [1.0, 0.0, 0.0, 0.0, 0.908, -0.418, 0.0, 0.418, 0.908],
		"mermaid8o.R": [1.0, 0.0, 0.0, 0.0, 0.957, -0.291, 0.0, 0.291, 0.957]
		},
		"bones":	{
		"mermaid4": [1.0, 0.0, 0.0, -0.0, 0.934, 0.358, 0.0, -0.358, 0.934],
		"mermaid5": [1.0, 0.0, 0.0, -0.0, 0.859, 0.513, 0.0, -0.513, 0.859],
		"mermaid6": [1.0, 0.0, 0.0, -0.0, 0.968, 0.25, 0.0, -0.25, 0.968],
		"mermaid7": [1.0, 0.0, 0.0, -0.0, 0.981, 0.196, 0.0, -0.196, 0.981],
		"mermaid5.L": [1.0, 0.0, 0.0, -0.0, 0.924, 0.382, 0.0, -0.382, 0.924],
		"mermaid6.L": [1.0, 0.0, 0.0, -0.0, 0.933, 0.359, 0.0, -0.359, 0.933],
		"mermaid8.L": [1.0, 0.0, 0.0, -0.0, 0.849, 0.528, 0.0, -0.528, 0.849],
		"mermaid6o.L": [1.0, 0.0, 0.0, -0.0, 0.923, 0.385, 0.0, -0.385, 0.923],
		"mermaid7o.L": [1.0, 0.0, 0.0, -0.0, 0.961, 0.276, 0.0, -0.276, 0.961],
		"mermaid8o.L": [1.0, 0.0, 0.0, -0.0, 0.998, 0.069, 0.0, -0.069, 0.998],
		"mermaid5.R": [1.0, 0.0, 0.0, -0.0, 0.924, 0.382, 0.0, -0.382, 0.924],
		"mermaid6.R": [1.0, 0.0, 0.0, -0.0, 0.933, 0.359, 0.0, -0.359, 0.933],
		"mermaid8.R": [1.0, 0.0, 0.0, -0.0, 0.849, 0.528, 0.0, -0.528, 0.849],
		"mermaid6o.R": [1.0, 0.0, 0.0, -0.0, 0.923, 0.385, 0.0, -0.385, 0.923],
		"mermaid7o.R": [1.0, 0.0, 0.0, -0.0, 0.961, 0.276, 0.0, -0.276, 0.961],
		"mermaid8o.R": [1.0, 0.0, 0.0, -0.0, 0.998, 0.069, 0.0, -0.069, 0.998]
		}
	},
	"TailBaseUpDown": {
		"group": "tail",
		"reverse": {
		"tail1": [1.0, 0.0, 0.0, 0.0, 0.945, -0.327, 0.0, 0.327, 0.945],
		"tail2": [1.0, 0.0, 0.0, 0.0, 0.849, -0.528, 0.0, 0.528, 0.849],
		"tail3": [1.0, 0.0, 0.0, 0.0, 0.908, -0.419, 0.0, 0.419, 0.908],
		"tail4": [1.0, 0.0, 0.0, 0.0, 0.968, -0.249, 0.0, 0.249, 0.968],
		"tail5": [1.0, 0.0, 0.0, 0.0, 0.99, -0.143, 0.0, 0.143, 0.99],
		"tail6": [1.0, 0.0, 0.0, 0.0, 0.991, -0.131, 0.0, 0.131, 0.991]
		},
		"bones": {
		"tail1": [1.0, 0.0, 0.0, 0.0, 0.837, 0.548, 0.0, -0.548, 0.837],
		"tail2": [1.0, 0.0, 0.0, 0.0, 0.943, 0.332, 0.0, -0.332, 0.943],
		"tail3": [1.0, 0.0, 0.0, 0.0, 0.941, 0.337, 0.0, -0.337, 0.941],
		"tail4": [1.0, 0.0, 0.0, 0.0, 0.98, 0.201, 0.0, -0.201, 0.98],
		"tail5": [1.0, 0.0, 0.0, 0.0, 1.0, -0.019, 0.0, 0.019, 1.0],
		"tail6": [1.0, 0.0, 0.0, 0.0, 1.0, -0.017, 0.0, 0.017, 1.0]
		}
	},
	"TailBaseLeftRight": {
		"group": "tail",
		"reverse": {
		"tail1": [0.994, 0.0, 0.11, 0.0, 1.0, 0.0, -0.11, 0.0, 0.994],
		"tail2": [0.975, 0.0, 0.223, 0.0, 1.0, 0.0, -0.223, 0.0, 0.975],
		"tail3": [0.952, 0.0, 0.307, 0.0, 1.0, 0.0, -0.307, 0.0, 0.952],
		"tail4": [0.957, 0.0, 0.292, 0.0, 1.0, 0.0, -0.292, 0.0, 0.957],
		"tail5": [1.0, 0.0, 0.0, 0.0, 0.884, -0.467, 0.0, 0.467, 0.884],
		"tail6": [1.0, 0.0, 0.0, 0.0, 0.902, -0.431, 0.0, 0.431, 0.902]
		},
		"bones": {
		"tail1": [0.994, 0.0, -0.11, 0.0, 1.0, 0.0, 0.11, 0.0, 0.994],
		"tail2": [0.975, 0.0, -0.223, 0.0, 1.0, 0.0, 0.223, 0.0, 0.975],
		"tail3": [0.952, 0.0, -0.307, 0.0, 1.0, 0.0, 0.307, 0.0, 0.952],
		"tail4": [0.957, 0.0, -0.292, 0.0, 1.0, 0.0, 0.292, 0.0, 0.957],
		"tail5": [1.0, 0.0, 0.0, 0.0, 0.948, -0.319, 0.0, 0.319, 0.948],
		"tail6": [1.0, 0.0, 0.0, 0.0, 0.956, -0.293, 0.0, 0.293, 0.956]
		}
	},
	"TailTipUpDown": {
		"group": "tail",
		"reverse": {
